2 63
2 75
2 99
2 105
2 117
2 135
2 147
2 165
2 175
2 189
2 195
2 207
2 225
2 231
2 243
2 245
2 255
2 261
2 273
2 275
2 279
2 285
2 297
2 315
2 333
2 345
2 351
2 357
2 363
2 369
2 375
2 385
2 387
2 399
2 405
2 423
2 425
2 429
2 435
2 441
2 455
2 459
2 465
2 475
2 477
2 483
2 495
2 507
2 513
2 525
2 531
2 539
2 549
2 555
2 561
2 567
2 575
2 585
2 595
2 603
2 605
2 609
2 615
2 621
2 627
2 637
2 639
2 645
2 651
2 657
2 663
2 665
2 675
2 693
2 705
2 711
2 715
2 725
2 729
2 735
2 741
2 747
2 759
2 765
2 775
2 777
2 783
2 795
2 801
2 805
2 819
2 825
2 833
2 837
2 845
2 847
2 855
2 861
2 867
2 873
2 875
2 885
2 891
2 897
2 903
2 909
2 915
2 925
2 927
2 931
2 935
2 945
2 957
2 963
2 969
2 975
2 981
2 987
2 999
2 1001
2 1005
2 1015
2 1017
2 1023
2 1025
2 1029
2 1035
2 1045
2 1053
2 1065
2 1071
2 1075
2 1083
2 1085
2 1089
2 1095
2 1105
2 1107
2 1113
2 1125
2 1127
2 1131
2 1143
2 1155
2 1161
2 1173
2 1175
2 1179
2 1183
2 1185
2 1197
2 1209
2 1215
2 1221
2 1225
2 1233
2 1235
2 1239
2 1245
2 1251
2 1265
2 1269
2 1275
2 1281
2 1287
2 1295
2 1305
2 1309
2 1311
2 1323
2 1325
2 1335
2 1341
2 1353
2 1359
2 1365
2 1375
2 1377
2 1395
2 1407
2 1413
2 1419
2 1421
2 1425
2 1431
2 1435
2 1443
2 1445
2 1449
2 1455
2 1463
2 1467
2 1475
2 1479
2 1485
2 1491
2 1495
2 1503
2 1505
2 1515
2 1519
2 1521
2 1525
2 1533
2 1539
2 1545
2 1547
2 1551
2 1557
2 1573
2 1575
2 1581
2 1587
2 1593
2 1595
2 1599
2 1605
2 1611
2 1615
2 1617
2 1625
2 1629
2 1635
2 1645
2 1647
2 1653
2 1659
2 1665
2 1675
2 1677
2 1683
2 1695
2 1701
2 1705
2 1715
2 1719
2 1725
2 1729
2 1737
2 1743
2 1749
2 1755
2 1767
2 1771
2 1773
2 1775
2 1785
2 1791
2 1805
2 1809
2 1813
2 1815
2 1825
2 1827
2 1833
2 1845
2 1855
2 1859
2 1863
2 1869
2 1875
2 1881
2 1885
2 1887
2 1899
2 1905
2 1911
2 1917
2 1925
2 1935
2 1947
2 1953
2 1955
2 1965
2 1971
2 1975
2 1989
2 1995
2 2001
2 2007
2 2009
2 2013
2 2015
2 2023
2 2025
2 2035
2 2037
2 2043
2 2055
2 2057
2 2061
2 2065
2 2067
2 2075
2 2079
2 2085
2 2091
2 2093
2 2097
2 2107
2 2109
2 2115
2 2121
2 2125
2 2133
2 2135
2 2139
2 2145
2 2151
2 2163
2 2169
2 2175
2 2185
2 2187
2 2193
2 2205
2 2211
2 2223
2 2225
2 2233
2 2235
2 2241
2 2247
2 2255
2 2259
2 2261
2 2265
2 2275
2 2277
2 2289
2 2295
2 2299
2 2301
2 2303
2 2313
2 2325
2 2331
2 2337
2 2343
2 2345
2 2349
2 2355
2 2365
2 2367
2 2373
2 2375
2 2379
2 2385
2 2387
2 2397
2 2403
2 2405
2 2409
2 2415
2 2421
2 2425
2 2431
2 2439
2 2445
2 2451
2 2457
2 2465
2 2475
2 2485
2 2493
2 2499
2 2505
2 2511
2 2523
2 2525
2 2527
2 2529
2 2535
2 2541
2 2547
2 2553
2 2555
2 2565
2 2575
2 2583
2 2585
2 2595
2 2597
2 2601
2 2607
2 2613
2 2619
2 2625
2 2635
2 2637
2 2639
2 2645
2 2655
2 2665
2 2667
2 2673
2 2675
2 2679
2 2685
2 2691
2 2695
2 2697
2 2703
2 2709
2 2715
2 2717
2 2725
2 2727
2 2737
2 2739
2 2745
2 2751
2 2755
2 2763
2 2765
2 2769
2 2775
2 2781
2 2783
2 2793
2 2795
2 2799
2 2805
2 2817
2 2821
2 2825
2 2829
2 2835
2 2847
2 2849
2 2853
2 2865
2 2871
2 2873
2 2875
2 2877
2 2883
2 2889
2 2891
2 2895
2 2905
2 2907
2 2915
2 2919
2 2925
2 2937
2 2943
2 2945
2 2955
2 2961
2 2967
2 2975
2 2979
2 2985
2 2989
2 2997
2 3003
2 3009
2 3015
2 3021
2 3025
2 3033
2 3045
2 3051
2 3055
2 3059
2 3069
2 3075
2 3081
2 3087
2 3105
2 3111
2 3115
2 3123
2 3125
2 3129
2 3135
2 3141
2 3145
2 3157
2 3159
2 3165
2 3171
2 3175
2 3177
2 3179
2 3185
2 3195
2 3201
2 3211
2 3213
2 3219
2 3225
2 3231
2 3237
2 3243
2 3245
2 3249
2 3255
2 3267
2 3275
2 3283
2 3285
2 3289
2 3297
2 3303
2 3311
2 3315
2 3321
2 3325
2 3333
2 3335
2 3339
2 3345
2 3355
2 3357
2 3363
2 3367
2 3375
2 3381
2 3393
2 3395
2 3399
2 3405
2 3411
2 3417
2 3423
2 3425
2 3429
2 3435
2 3441
2 3445
2 3447
2 3451
2 3465
2 3471
2 3475
2 3477
2 3479
2 3483
2 3485
2 3495
2 3501
2 3507
2 3509
2 3515
2 3519
2 3525
2 3531
2 3535
2 3537
2 3549
2 3553
2 3555
2 3565
2 3567
2 3573
2 3575
2 3577
2 3585
2 3591
2 3597
2 3605
2 3609
2 3615
2 3619
2 3621
2 3625
2 3627
2 3633
2 3645
2 3655
2 3657
2 3663
2 3675
2 3681
2 3685
2 3689
2 3699
2 3703
2 3705
2 3717
2 3723
2 3725
2 3729
2 3731
2 3735
2 3741
2 3745
2 3751
2 3753
2 3757
2 3759
2 3765
2 3771
2 3773
2 3775
2 3783
2 3789
2 3795
2 3801
2 3807
2 3813
2 3815
2 3819
2 3825
2 3835
2 3843
2 3855
2 3857
2 3861
2 3871
2 3875
2 3879
2 3885
2 3887
2 3895
2 3897
2 3905
2 3913
2 3915
2 3925
2 3927
2 3933
2 3939
2 3945
2 3951
2 3955
2 3965
2 3969
2 3971
2 3975
2 3987
2 3993
2 3995
2 3999
2 4005
2 4011
2 4015
2 4017
2 4023
2 4025
2 4029
2 4035
2 4041
2 4047
2 4053
2 4059
2 4065
2 4067
2 4071
2 4075
2 4077
2 4081
2 4085
2 4089
2 4095
2 4107
2 4113
2 4123
2 4125
2 4131
2 4137
2 4147
2 4149
2 4155
2 4161
2 4165
2 4167
2 4173
2 4175
2 4179
2 4185
2 4191
2 4199
2 4203
2 4205
2 4209
2 4215
2 4221
2 4225
2 4233
2 4235
2 4239
2 4245
2 4251
2 4255
2 4257
2 4263
2 4275
2 4277
2 4293
2 4301
2 4305
2 4311
2 4323
2 4325
2 4329
2 4335
2 4345
2 4347
2 4355
2 4361
2 4365
2 4371
2 4375
2 4383
2 4389
2 4395
2 4401
2 4403
2 4407
2 4419
2 4425
2 4431
2 4433
2 4437
2 4445
2 4455
2 4459
2 4465
2 4473
2 4475
2 4477
2 4485
2 4491
2 4495
2 4503
2 4505
2 4509
2 4515
2 4521
2 4525
2 4527
2 4539
2 4543
2 4545
2 4551
2 4557
2 4563
2 4565
2 4575
2 4581
2 4585
2 4587
2 4599
2 4605
2 4611
2 4615
2 4617
2 4623
2 4625
2 4635
2 4641
2 4653
2 4655
2 4665
2 4669
2 4671
2 4675
2 4683
2 4689
2 4693
2 4695
2 4697
2 4707
2 4715
2 4719
2 4725
2 4731
2 4743
2 4745
2 4755
2 4761
2 4767
2 4773
2 4775
2 4779
2 4785
2 4795
2 4797
2 4805
2 4807
2 4809
2 4815
2 4823
2 4825
2 4833
2 4845
2 4851
2 4865
2 4869
2 4875
2 4879
2 4887
2 4893
2 4895
2 4899
2 4901
2 4905
2 4917
2 4921
2 4923
2 4925
2 4929
2 4935
2 4941
2 4945
2 4947
2 4949
2 4953
2 4959
2 4961
2 4965
2 4975
2 4977
2 4983
2 4991
2 4995
2 5005
2 5013
2 5015
2 5019
2 5025
2 5031
2 5035
2 5037
2 5043
2 5047
2 5049
2 5055
2 5061
2 5067
2 5073
2 5075
2 5083
2 5085
2 5103
2 5109
2 5115
2 5117
2 5121
2 5125
2 5133
2 5135
2 5139
2 5145
2 5151
2 5157
2 5159
2 5175
2 5181
2 5185
2 5187
2 5193
2 5203
2 5205
2 5211
2 5215
2 5217
2 5225
2 5229
2 5235
2 5239
2 5243
2 5247
2 5253
2 5265
2 5271
2 5275
2 5283
2 5285
2 5289
2 5291
2 5295
2 5301
2 5307
2 5313
2 5319
2 5325
2 5335
2 5337
2 5341
2 5343
2 5355
2 5365
2 5369
2 5373
2 5375
2 5379
2 5385
2 5391
2 5395
2 5397
2 5405
2 5409
2 5415
2 5421
2 5423
2 5425
2 5427
2 5439
2 5445
2 5451
2 5453
2 5457
2 5463
2 5467
2 5475
2 5481
2 5487
2 5491
2 5495
2 5499
2 5505
2 5511
2 5517
2 5523
2 5525
2 5529
2 5535
2 5537
2 5547
2 5551
2 5553
2 5555
2 5559
2 5565
2 5571
2 5575
2 5577
2 5589
2 5593
2 5595
2 5605
2 5607
2 5621
2 5625
2 5635
2 5643
2 5649
2 5655
2 5661
2 5665
2 5673
2 5675
2 5679
2 5681
2 5685
2 5687
2 5691
2 5695
2 5697
2 5705
2 5709
2 5715
2 5719
2 5725
2 5727
2 5733
2 5735
2 5745
2 5751
2 5757
2 5763
2 5769
2 5775
2 5781
2 5785
2 5787
2 5795
2 5797
2 5805
2 5811
2 5817
2 5819
2 5823
2 5825
2 5829
2 5831
2 5835
2 5841
2 5845
2 5859
2 5863
2 5865
2 5871
2 5875
2 5877
2 5883
2 5885
2 5887
2 5889
2 5895
2 5901
2 5907
2 5913
2 5915
2 5925
2 5929
2 5931
2 5943
2 5945
2 5949
2 5955
2 5957
2 5967
2 5973
2 5975
2 5985
2 5995
2 6003
2 6015
2 6021
2 6025
2 6027
2 6035
2 6039
2 6045
2 6055
2 6057
2 6061
2 6063
2 6069
2 6075
2 6083
2 6093
2 6095
2 6097
2 6099
2 6105
2 6111
2 6123
2 6125
2 6129
2 6135
2 6137
2 6141
2 6147
2 6149
2 6153
2 6165
2 6171
2 6175
2 6177
2 6183
2 6195
2 6201
2 6205
2 6213
2 6215
2 6219
2 6223
2 6225
2 6231
2 6235
2 6237
2 6251
2 6253
2 6255
2 6265
2 6273
2 6275
2 6279
2 6285
2 6291
2 6293
2 6303
2 6305
2 6307
2 6309
2 6315
2 6321
2 6325
2 6327
2 6335
2 6345
2 6351
2 6355
2 6357
2 6363
2 6365
2 6369
2 6375
2 6381
2 6391
2 6399
2 6405
2 6409
2 6413
2 6417
2 6419
2 6425
2 6435
2 6441
2 6447
2 6453
2 6461
2 6465
2 6471
2 6475
2 6477
2 6479
2 6489
2 6495
2 6501
2 6507
2 6513
2 6517
2 6519
2 6525
2 6531
2 6543
2 6545
2 6549
2 6555
2 6561
2 6565
2 6567
2 6573
2 6575
2 6579
2 6585
2 6591
2 6597
2 6601
2 6603
2 6615
2 6625
2 6627
2 6633
2 6643
2 6645
2 6647
2 6651
2 6655
2 6657
2 6665
2 6669
2 6675
2 6681
2 6685
2 6687
2 6693
2 6695
2 6699
2 6705
2 6713
2 6715
2 6721
2 6723
2 6725
2 6727
2 6735
2 6741
2 6745
2 6747
2 6755
2 6759
2 6765
2 6771
2 6775
2 6777
2 6783
2 6785
2 6789
2 6795
2 6811
2 6813
2 6815
2 6825
2 6831
2 6837
2 6845
2 6849
2 6851
2 6853
2 6855
2 6867
2 6873
2 6875
2 6877
2 6885
2 6895
2 6897
2 6903
2 6909
2 6915
2 6919
2 6921
2 6923
2 6925
2 6929
2 6935
2 6939
2 6945
2 6951
2 6955
2 6957
2 6963
2 6965
2 6969
2 6975
2 6981
2 6985
2 6987
2 6993
2 7005
2 7007
2 7011
2 7015
2 7021
2 7025
2 7029
2 7035
2 7047
2 7049
2 7055
2 7059
2 7065
2 7075
2 7077
2 7083
2 7085
2 7089
2 7095
2 7101
2 7105
2 7107
2 7119
2 7125
2 7137
2 7139
2 7155
2 7161
2 7163
2 7173
2 7175
2 7185
2 7189
2 7191
2 7203
2 7205
2 7209
2 7215
2 7221
2 7225
2 7227
2 7239
2 7245
2 7257
2 7259
2 7263
2 7267
2 7275
2 7281
2 7285
2 7287
2 7293
2 7299
2 7301
2 7305
2 7315
2 7317
2 7325
2 7329
2 7335
2 7337
2 7345
2 7347
2 7353
2 7359
2 7365
2 7371
2 7375
2 7383
2 7385
2 7389
2 7395
2 7399
2 7407
2 7413
2 7425
2 7429
2 7437
2 7443
2 7449
2 7455
2 7461
2 7467
2 7469
2 7473
2 7475
2 7479
2 7485
2 7491
2 7497
2 7503
2 7505
2 7511
2 7515
2 7521
2 7525
2 7527
2 7533
2 7535
2 7539
2 7545
2 7551
2 7553
2 7557
2 7565
2 7567
2 7569
2 7575
2 7579
2 7581
2 7585
2 7587
2 7595
2 7599
2 7605
2 7611
2 7623
2 7625
2 7635
2 7641
2 7645
2 7657
2 7659
2 7665
2 7667
2 7675
2 7677
2 7683
2 7685
2 7689
2 7693
2 7695
2 7701
2 7705
2 7707
2 7713
2 7719
2 7725
2 7731
2 7733
2 7735
2 7743
2 7749
2 7755
2 7761
2 7767
2 7775
2 7777
2 7785
2 7791
2 7797
2 7803
2 7805
2 7809
2 7815
2 7821
2 7825
2 7833
2 7839
2 7843
2 7845
2 7847
2 7857
2 7865
2 7869
2 7875
2 7881
2 7885
2 7887
2 7889
2 7893
2 7905
2 7911
2 7917
2 7923
2 7925
2 7929
2 7931
2 7935
2 7943
2 7945
2 7947
2 7953
2 7955
2 7959
2 7965
2 7973
2 7975
2 7983
2 7987
2 7995
2 8001
2 8007
2 8015
2 8019
2 8025
2 8029
2 8037
2 8041
2 8043
2 8055
2 8073
2 8075
2 8085
2 8091
2 8099
2 8103
2 8107
2 8109
2 8113
2 8115
2 8125
2 8127
2 8145
2 8151
2 8155
2 8163
2 8165
2 8169
2 8175
2 8177
2 8181
2 8183
2 8195
2 8199
2 8205
2 8211
2 8215
2 8217
2 8225
2 8229
2 8235
2 8239
2 8241
2 8245
2 8253
2 8255
2 8265
2 8271
2 8275
2 8277
2 8281
2 8283
2 8289
2 8295
2 8303
2 8305
2 8307
2 8313
2 8319
2 8323
2 8325
2 8337
2 8343
2 8349
2 8355
2 8361
2 8365
2 8375
2 8379
2 8381
2 8385
2 8393
2 8395
2 8397
2 8405
2 8415
2 8421
2 8425
2 8427
2 8433
2 8435
2 8437
2 8439
2 8445
2 8449
2 8451
2 8455
2 8463
2 8469
2 8475
2 8477
2 8481
2 8487
2 8493
2 8505
2 8515
2 8517
2 8523
2 8525
2 8533
2 8535
2 8541
2 8547
2 8555
2 8559
2 8565
2 8569
2 8575
2 8577
2 8585
2 8589
2 8591
2 8595
2 8601
2 8607
2 8613
2 8619
2 8625
2 8631
2 8635
2 8643
2 8645
2 8649
2 8655
2 8667
2 8671
2 8673
2 8675
2 8679
2 8685
2 8687
2 8695
2 8697
2 8701
2 8703
2 8715
2 8721
2 8723
2 8725
2 8729
2 8733
2 8739
2 8745
2 8755
2 8757
2 8763
2 8769
2 8771
2 8775
2 8785
2 8787
2 8789
2 8793
2 8799
2 8805
2 8811
2 8815
2 8823
2 8825
2 8827
2 8829
2 8833
2 8835
2 8841
2 8845
2 8847
2 8853
2 8855
2 8865
2 8869
2 8875
2 8877
2 8883
2 8895
2 8897
2 8901
2 8905
2 8911
2 8919
2 8925
2 8931
2 8937
2 8943
2 8949
2 8955
2 8957
2 8959
2 8961
2 8965
2 8967
2 8973
2 8975
2 8979
2 8985
2 8987
2 8991
2 8993
2 8995
2 9009
2 9015
2 9021
2 9025
2 9027
2 9035
2 9039
2 9045
2 9051
2 9061
2 9063
2 9065
2 9075
2 9081
2 9085
2 9087
2 9093
2 9095
2 9099
2 9105
2 9117
2 9125
2 9129
2 9135
2 9139
2 9141
2 9145
2 9153
2 9159
2 9163
2 9165
2 9171
2 9175
2 9177
2 9185
2 9189
2 9191
2 9195
2 9205
2 9207
2 9213
2 9215
2 9219
2 9225
2 9231
2 9243
2 9245
2 9251
2 9255
2 9261
2 9265
2 9269
2 9273
2 9275
2 9279
2 9285
2 9291
2 9295
2 9297
2 9303
2 9309
2 9315
2 9317
2 9321
2 9325
2 9331
2 9333
2 9339
2 9345
2 9351
2 9359
2 9361
2 9367
2 9369
2 9373
2 9375
2 9381
2 9387
2 9393
2 9399
2 9401
2 9405
2 9415
2 9417
2 9423
2 9425
2 9429
2 9435
2 9441
2 9443
2 9447
2 9453
2 9455
2 9457
2 9459
2 9465
2 9471
2 9475
2 9477
2 9483
2 9485
2 9495
2 9499
2 9503
2 9513
2 9515
2 9519
2 9525
2 9531
2 9537
2 9541
2 9545
2 9549
2 9555
2 9559
2 9567
2 9575
2 9579
2 9581
2 9583
2 9585
2 9591
2 9595
2 9597
2 9603
2 9605
2 9615
2 9621
2 9625
2 9633
2 9635
2 9639
2 9645
2 9653
2 9657
2 9669
2 9675
2 9681
2 9685
2 9693
2 9695
2 9699
2 9705
2 9709
2 9711
2 9715
2 9717
2 9723
2 9725
2 9729
2 9735
2 9737
2 9741
2 9747
2 9751
2 9765
2 9775
2 9779
2 9783
2 9785
2 9789
2 9795
2 9801
2 9805
2 9807
2 9815
2 9819
2 9821
2 9823
2 9825
2 9831
2 9835
2 9837
2 9843
2 9845
2 9849
2 9855
2 9861
2 9867
2 9873
2 9875
2 9877
2 9879
2 9885
2 9889
2 9891
2 9905
2 9909
2 9911
2 9915
2 9919
2 9925
2 9927
2 9933
2 9945
2 9947
2 9951
2 9955
2 9963
2 9971
2 9975
2 9981
2 9999
2 10005
2 10011
2 10013
2 10017
2 10023
2 10025
2 10035
2 10043
2 10045
2 10047
2 10051
2 10053
2 10059
2 10065
2 10071
2 10075
2 10087
2 10089
2 10095
2 10101
2 10105
2 10107
2 10115
2 10125
2 10127
2 10131
2 10137
2 10143
2 10149
2 10153
2 10155
2 10161
2 10165
2 10175
2 10179
2 10185
2 10191
2 10197
2 10199
2 10203
2 10205
2 10209
2 10215
2 10225
2 10227
2 10233
2 10235
2 10241
2 10245
2 10251
2 10255
2 10257
2 10263
2 10269
2 10275
2 10281
2 10283
2 10285
2 10287
2 10293
2 10295
2 10305
2 10309
2 10311
2 10317
2 10323
2 10325
2 10329
2 10335
2 10339
2 10341
2 10353
2 10355
2 10359
2 10365
2 10373
2 10375
2 10377
2 10385
2 10387
2 10395
2 10413
2 10419
2 10425
2 10431
2 10437
2 10439
2 10443
2 10449
2 10455
2 10461
2 10465
2 10467
2 10469
2 10475
2 10479
2 10485
2 10491
2 10503
2 10505
2 10507
2 10509
2 10515
2 10521
2 10525
2 10527
2 10535
2 10539
2 10545
2 10549
2 10557
2 10563
2 10569
2 10571
2 10575
2 10585
2 10591
2 10593
2 10595
2 10605
2 10611
2 10615
2 10619
2 10621
2 10625
2 10629
2 10633
2 10635
2 10647
2 10653
2 10659
2 10665
2 10675
2 10683
2 10689
2 10693
2 10695
2 10701
2 10703
2 10707
2 10719
2 10725
2 10731
2 10735
2 10737
2 10745
2 10755
2 10759
2 10761
2 10767
2 10769
2 10773
2 10775
2 10785
2 10787
2 10791
2 10795
2 10797
2 10803
2 10809
2 10815
2 10825
2 10827
2 10829
2 10833
2 10835
2 10845
2 10855
2 10857
2 10863
2 10865
2 10875
2 10879
2 10881
2 10885
2 10887
2 10899
2 10905
2 10915
2 10917
2 10923
2 10925
2 10927
2 10933
2 10935
2 10941
2 10945
2 10947
2 10953
2 10955
2 10959
2 10965
2 10971
2 10975
2 10983
2 10985
2 10989
2 10995
2 11001
2 11005
2 11007
2 11011
2 11025
2 11033
2 11037
2 11039
